perc telefonszam
1 392712621
5 442407028
4 712676212
8 297241726
8 565866886
9 166566516
7 865826206
4 414586306
6 716118757
2 565866886
5 231215421
2 696500077
3 583643771
1 392516252
1 762256824
1 716646345
1 631431046
4 398768266
2 631283182
2 392746060
1 824238334
2 397618418
3 267505842
2 281685640
4 212763810
2 281685640
5 392746060
3 716573357
6 392746060
0 716481028
3 796823702
0 394301623
2 361206275
4 716573357
2 431546527
1 394535174
1 138100078
1 281685640
6 565866886
3 113207278
3 281685640
3 375480805
2 565758448
1 714346720
3 716573357
2 715704877
1 881157107
5 473177057
1 714346720
5 412410573
4 478630720
5 867323353
1 767445223
1 688861311
3 477337448
5 418861311
4 221623208
4 165555618
2 614761384
5 682503335
1 646830328
2 713544421
3 874533786
5 528208481
2 173583677
8 622713308
4 391505271
9 424408282
3 783426333
7 385641234
5 472184487
9 432752572
6 134771866
5 718243750
3 284424535
2 661836544
7 565866886
8 822587003
4 268587300
5 734468211
2 263134032
5 712272350
10 713563064
2 682524752
2 484566325
